Generation	Max Fitness	Min Fitness	Avg Fitness	maxHp	hpRegen	baseDmg	critRate	critDmg	hitRate	dodgeRate	blockRate	blockPower
0	1405	180	910	37	36	174	49	32	184	170	84	30	
1	1363	180	971	77	102	89	81	68	126	224	18	76	
2	1555	180	981	155	18	84	49	32	184	170	4	72	
3	1485	222	988	155	18	139	135	162	162	192	12	49	
4	1434	464	994	103	25	174	139	27	193	234	119	51	
5	1565	473	1022	117	25	99	191	27	193	234	84	23	
6	1375	583	1023	103	203	172	8	160	5	234	119	51	
7	1354	617	1012	214	36	99	191	141	227	212	55	1	
8	1365	425	1024	152	41	174	199	18	237	170	84	30	
9	1415	515	1073	124	119	174	199	18	237	170	84	30	
10	1394	695	1101	152	41	174	199	18	111	170	84	30	
11	1375	815	1118	129	95	220	205	141	227	212	65	1	
12	1443	453	1114	88	25	121	205	141	101	224	32	136	
13	1503	815	1143	71	102	99	205	18	224	182	55	11	
14	1445	855	1141	238	203	99	66	104	227	212	55	11	
15	1445	787	1110	238	203	205	66	104	227	212	18	72	
16	1395	785	1133	124	117	89	199	18	227	94	55	72	
17	1515	834	1117	242	95	205	55	5	193	94	18	11	
18	1524	715	1125	109	95	205	55	5	217	200	84	11	
19	1515	745	1134	109	95	144	81	122	193	202	84	11	
20	1555	725	1138	109	95	205	55	5	217	200	84	11	
21	1554	765	1174	109	95	205	55	5	92	200	247	11	
22	1552	834	1169	124	117	205	55	104	203	212	22	33	
23	1532	815	1200	238	95	99	156	94	67	73	22	33	
24	1553	915	1202	152	152	99	66	141	101	212	22	33	
25	1645	905	1196	71	35	99	45	5	217	200	84	11	
26	1683	915	1181	119	95	99	45	5	217	200	84	11	
27	1504	875	1172	71	117	195	81	5	203	180	55	11	
28	1535	895	1193	68	193	205	55	5	227	182	22	23	
29	1495	905	1184	71	193	205	55	5	227	182	22	23	
30	1545	845	1189	68	203	144	55	5	227	182	22	23	
31	1485	895	1183	68	203	195	130	5	227	182	55	11	
32	1525	904	1182	68	102	81	81	5	203	212	55	72	
33	1495	855	1177	71	35	195	55	5	229	182	22	23	
34	1695	895	1191	124	92	205	81	112	111	212	22	23	
35	1624	905	1188	71	35	195	55	5	229	182	32	33	
36	1615	894	1193	109	25	131	55	5	229	182	32	33	
37	1485	905	1187	71	102	205	81	5	203	202	55	72	
38	1525	865	1211	68	95	81	81	5	203	212	55	72	
39	1574	924	1247	68	102	81	91	5	101	182	22	23	
40	1635	875	1268	68	102	81	91	5	111	212	55	23	
41	1591	875	1239	109	35	81	81	5	111	202	55	23	
42	1622	795	1263	68	102	81	81	5	111	202	55	23	
43	1593	944	1280	68	102	81	130	122	111	202	55	23	
44	1624	964	1279	71	152	91	130	141	203	212	74	13	
45	1625	925	1282	68	213	81	81	141	101	222	55	33	
46	1664	965	1292	124	25	121	81	5	203	202	55	23	
47	1683	925	1301	109	95	81	81	5	203	212	22	23	
48	1703	945	1303	68	35	81	81	112	111	94	55	23	
49	1664	965	1293	68	35	81	130	141	213	202	55	33	
50	1644	1015	1316	68	102	81	81	5	111	182	55	23	
51	1674	995	1325	38	112	81	120	141	203	182	65	13	
52	1703	985	1347	68	213	81	81	5	111	182	55	23	
53	1685	1015	1363	68	112	81	81	5	111	182	55	33	
54	1745	994	1355	68	25	121	81	5	111	182	55	23	
55	1805	1095	1388	71	35	81	81	5	203	212	22	23	
56	1855	1075	1402	71	35	121	81	5	111	202	55	23	
57	1734	1127	1383	71	35	81	81	5	111	182	55	13	
58	1664	1135	1375	68	35	205	91	141	121	202	55	23	
59	1625	1035	1386	68	213	81	81	122	111	182	22	23	
60	1682	1145	1388	124	25	81	81	251	111	202	2	23	
61	1714	1104	1412	68	25	121	81	5	111	182	22	33	
62	1715	1105	1421	68	35	205	81	5	111	202	12	23	
63	1862	1084	1422	68	25	81	81	5	111	182	22	23	
64	1804	1045	1436	124	25	81	81	5	121	202	55	13	
65	1883	1105	1449	68	25	81	81	15	111	192	12	23	
66	1844	1115	1440	68	25	81	81	5	111	192	12	23	
67	1845	1125	1459	68	25	205	81	5	111	192	12	23	
68	1846	1175	1458	68	35	81	81	141	121	182	12	13	
69	1865	1124	1488	68	102	81	81	15	111	182	22	23	
70	1864	1225	1508	71	25	81	81	5	111	182	12	23	
71	1808	1215	1475	124	102	81	81	5	111	192	12	23	
72	1865	1185	1522	68	25	81	81	5	101	192	2	23	
73	1805	1255	1521	68	25	205	71	5	111	202	12	33	
74	1795	1215	1527	78	25	71	81	15	111	182	22	23	
75	1844	1215	1527	68	25	81	81	5	121	202	22	23	
76	1804	1325	1509	68	102	195	71	5	121	212	22	23	
77	1798	1355	1519	124	102	81	81	5	121	212	22	23	
78	1715	1345	1515	68	25	81	81	25	203	182	55	13	
79	1755	1305	1511	134	102	81	81	5	111	202	12	33	
80	1714	1325	1517	78	25	195	81	15	121	212	22	23	
81	1735	1354	1526	78	25	81	81	15	121	212	22	23	
82	1804	1355	1555	68	102	81	71	5	111	222	12	13	
83	1805	1374	1550	78	25	81	81	5	111	182	22	23	
84	1820	1345	1552	78	102	195	81	15	111	182	22	23	
85	1827	1395	1573	78	35	81	81	5	121	202	12	13	
86	1853	1414	1593	78	25	81	61	5	121	212	12	13	
87	1885	1234	1587	78	25	81	81	5	121	212	12	13	
88	1885	1155	1610	68	35	91	81	5	111	202	55	13	
89	1863	1225	1598	68	25	185	81	15	111	202	2	13	
90	1865	1125	1591	78	102	195	81	5	111	202	2	13	
91	1845	1185	1613	68	35	81	71	5	111	182	2	33	
92	1867	1145	1611	68	25	205	81	5	111	182	2	33	
93	1865	1245	1613	68	35	81	81	5	111	202	2	13	
94	1825	1235	1611	68	25	205	81	5	111	202	2	13	
95	1882	1435	1616	78	25	195	81	5	111	182	12	13	
96	1865	1245	1602	78	25	185	81	5	111	182	12	13	
97	1842	1305	1593	88	102	91	81	5	111	182	12	13	
98	1825	1404	1607	68	25	91	91	15	111	192	12	13	
99	1865	1345	1608	68	25	91	91	15	111	192	32	13	
100	1913	1165	1614	68	35	81	81	5	111	182	12	3	
