Generation	Max Fitness	Min Fitness	Avg Fitness	maxHp	hpRegen	baseDmg	critRate	critDmg	hitRate	dodgeRate	blockRate	blockPower
0	1345	180	898	103	6	134	170	98	162	234	25	140	
1	1375	180	968	172	102	89	81	68	58	15	18	76	
2	1504	267	991	238	109	229	8	130	103	204	18	76	
3	1484	240	988	178	125	251	64	56	170	180	61	90	
4	1505	220	998	167	59	172	35	120	198	219	29	3	
5	1534	154	1028	167	59	231	91	120	170	219	29	3	
6	1534	435	1077	77	83	160	129	27	161	224	45	18	
7	1524	545	1068	167	59	231	53	18	156	219	29	3	
8	1645	545	1116	167	59	231	53	18	156	219	29	3	
9	1594	715	1151	167	159	231	53	18	156	219	29	3	
10	1534	705	1163	167	59	231	91	89	198	219	29	3	
11	1503	785	1177	107	215	253	66	89	199	219	29	3	
12	1545	785	1192	167	25	253	66	89	199	219	29	18	
13	1613	735	1217	167	59	231	91	89	198	219	29	3	
14	1615	685	1292	135	148	229	35	122	5	219	29	3	
15	1575	814	1277	178	59	172	91	164	198	197	29	18	
16	1675	815	1275	167	59	193	66	135	213	219	29	3	
17	1655	882	1300	167	59	231	91	89	194	219	29	3	
18	1575	1005	1333	167	25	211	91	89	194	219	29	3	
19	1554	965	1357	158	59	172	66	89	198	71	45	18	
20	1574	954	1358	167	25	172	66	56	194	219	45	18	
21	1684	995	1373	183	25	211	66	56	194	219	29	3	
22	1655	514	1355	107	25	211	91	89	152	205	29	3	
23	1685	583	1357	77	59	89	66	56	194	219	29	18	
24	1684	905	1361	167	59	89	66	56	194	219	29	18	
25	1554	995	1379	167	59	231	91	89	207	219	29	18	
26	1623	995	1370	107	59	248	66	89	198	252	29	3	
27	1605	965	1376	159	59	89	89	89	167	252	29	3	
28	1644	1025	1368	107	27	172	91	98	198	205	77	3	
29	1555	1082	1357	154	59	229	91	89	198	219	60	3	
30	1574	1055	1372	167	25	149	91	89	152	219	49	3	
31	1525	1014	1367	204	59	211	90	89	198	219	77	3	
32	1534	1165	1376	167	43	227	100	94	213	205	94	3	
33	1715	1074	1374	107	27	229	2	89	198	223	29	18	
34	1585	1014	1384	107	59	229	2	89	198	223	29	18	
35	1575	1135	1371	107	27	149	2	89	198	223	29	18	
36	1535	1075	1362	178	59	231	86	89	198	205	29	3	
37	1535	1025	1377	154	59	231	91	89	198	181	77	3	
38	1554	1105	1392	167	59	231	91	97	152	181	45	3	
39	1574	1235	1399	159	27	229	98	89	198	205	29	3	
40	1574	1235	1389	107	59	67	90	89	152	231	29	18	
41	1585	1235	1411	154	32	229	90	89	198	205	29	3	
42	1535	1215	1401	107	32	229	122	63	152	231	29	18	
43	1604	1235	1395	178	59	89	91	63	152	231	29	18	
44	1615	1225	1397	79	32	229	122	63	152	231	29	18	
45	1595	1235	1398	79	59	229	122	63	152	231	29	18	
46	1595	1105	1403	79	59	229	122	63	198	255	29	18	
47	1615	1105	1420	79	32	229	90	89	198	255	77	11	
48	1635	1165	1426	204	27	149	78	63	198	255	29	18	
49	1735	1195	1444	73	32	172	110	63	198	255	29	18	
50	1644	1105	1444	168	27	231	110	63	152	255	54	41	
51	1704	1325	1469	168	27	229	91	63	198	255	15	18	
52	1685	1265	1451	73	32	142	112	63	198	255	29	18	
53	1715	1284	1478	73	32	157	112	63	198	255	29	18	
54	1685	763	1457	73	32	229	112	63	198	255	29	18	
55	1665	783	1457	79	32	229	78	89	198	205	29	18	
56	1625	782	1437	79	27	231	78	89	162	255	29	18	
57	1645	765	1433	107	32	231	112	63	198	255	29	18	
58	1664	1264	1446	79	27	231	78	89	162	255	29	18	
59	1615	1175	1433	73	27	229	122	53	124	255	60	23	
60	1645	1125	1436	107	32	231	122	63	198	255	76	3	
61	1645	1105	1429	107	32	229	130	63	198	255	29	18	
62	1642	1174	1457	73	32	149	112	63	152	255	60	18	
63	1625	1165	1435	107	32	142	122	135	207	231	60	3	
64	1645	1105	1458	107	32	142	112	63	162	255	66	18	
65	1645	1255	1455	107	27	149	122	63	184	255	76	3	
66	1665	1174	1477	107	50	94	112	97	184	255	66	18	
67	1681	1265	1480	107	32	229	112	97	198	255	29	3	
68	1662	1245	1469	107	32	229	112	56	184	255	60	18	
69	1675	1225	1478	107	32	149	112	56	198	1	62	8	
70	1685	1225	1479	107	32	123	112	63	152	231	29	3	
71	1665	1304	1498	73	27	123	112	63	152	231	29	3	
72	1765	1264	1466	73	27	149	112	63	152	231	29	3	
73	1645	1195	1446	107	27	149	112	63	197	255	60	20	
74	1685	1165	1461	80	43	149	112	56	224	255	45	18	
75	1625	1205	1474	168	32	231	112	117	162	205	60	18	
76	1704	304	1433	107	27	149	112	63	189	255	67	3	
77	1703	270	1437	168	27	229	122	70	198	231	76	18	
78	1705	275	1460	107	27	149	112	63	189	255	58	3	
79	1665	275	1454	107	27	123	112	63	207	255	58	3	
80	1685	1074	1483	107	27	123	112	63	201	255	58	3	
81	1685	1085	1489	107	27	149	112	63	201	255	58	3	
82	1704	1125	1485	107	32	149	112	63	189	255	67	18	
83	1685	1245	1471	73	59	149	112	56	189	255	58	18	
84	1664	1285	1477	107	32	142	112	117	189	255	67	18	
85	1674	1285	1469	73	32	149	112	63	189	255	67	18	
86	1675	1195	1457	73	32	149	112	63	189	255	67	18	
87	1665	1265	1452	73	59	142	112	117	189	255	67	3	
88	1645	1255	1452	107	0	149	112	63	201	255	60	18	
89	1675	1285	1449	107	235	149	112	63	191	255	60	18	
90	1664	1265	1443	107	32	149	122	63	189	255	77	18	
91	1595	1255	1441	107	56	149	122	63	162	255	77	18	
92	1643	1304	1454	107	27	149	112	63	191	219	76	29	
93	1624	1185	1452	107	32	149	112	63	162	255	77	29	
94	1645	1255	1457	147	27	229	112	63	189	255	60	3	
95	1645	1265	1453	107	32	149	112	97	189	255	91	3	
96	1625	1305	1469	107	48	231	122	63	201	255	77	18	
97	1613	1265	1466	107	48	231	122	63	201	255	77	18	
98	1614	1174	1459	107	32	149	112	117	189	205	54	18	
99	1645	1135	1458	107	3	149	112	63	201	255	77	18	
100	1615	1174	1440	107	83	229	112	97	189	255	67	29	
