Generation	Max Fitness	Min Fitness	Avg Fitness	maxHp	hpRegen	baseDmg	critRate	critDmg	hitRate	dodgeRate	blockRate	blockPower
0	1394	181	904	155	18	84	219	18	224	192	12	49	
1	1455	240	981	59	132	192	147	225	180	170	84	30	
2	1435	494	995	146	36	174	49	32	230	170	84	23	
3	1525	575	1005	242	72	211	68	18	221	192	12	49	
4	1485	600	1068	242	72	211	68	18	221	246	19	49	
5	1535	492	1066	242	72	211	85	18	221	246	19	49	
6	1555	575	1080	182	72	159	85	18	221	246	19	49	
7	1645	532	1161	21	54	227	144	120	221	185	94	21	
8	1625	400	1175	146	36	174	61	32	230	170	19	21	
9	1645	311	1184	124	53	183	66	120	221	197	19	21	
10	1643	490	1174	124	53	76	80	5	188	197	19	21	
11	1765	560	1242	124	53	144	49	32	188	246	19	21	
12	1794	544	1270	124	88	76	80	5	188	197	131	21	
13	1825	663	1287	114	10	76	80	5	136	197	15	21	
14	1845	639	1306	114	53	84	47	32	188	246	15	21	
15	1715	745	1342	114	10	76	80	117	198	73	15	21	
16	2075	815	1320	58	18	131	61	10	198	250	19	21	
17	2073	1014	1388	58	18	131	61	10	198	250	19	21	
18	2065	1035	1387	58	72	216	219	190	198	250	19	21	
19	1895	1045	1380	58	18	131	80	10	149	250	19	69	
20	1974	705	1404	58	18	131	80	10	149	250	19	69	
21	1945	674	1401	86	10	76	182	10	149	250	19	69	
22	1775	763	1410	58	18	131	80	10	188	197	19	21	
23	1955	240	1394	169	71	84	80	10	149	250	19	69	
24	2005	1105	1432	58	136	206	64	92	102	250	19	21	
25	1855	1065	1434	71	8	160	37	14	177	197	19	21	
26	1805	965	1437	58	18	131	80	10	188	197	19	16	
27	1735	1015	1438	58	18	131	80	10	188	197	19	16	
28	1794	994	1422	58	18	131	80	17	141	197	19	16	
29	1823	905	1425	58	18	76	64	10	188	197	19	16	
30	1905	875	1446	58	18	76	80	10	188	197	19	16	
31	1885	945	1462	169	113	206	80	5	141	197	19	16	
32	1714	935	1454	86	10	206	80	9	102	197	12	21	
33	1773	955	1461	114	18	131	76	92	102	156	12	26	
34	1775	995	1477	155	136	27	80	5	102	195	19	21	
35	1973	955	1464	124	88	131	64	11	188	250	15	21	
36	1774	947	1477	124	88	131	64	11	188	250	15	21	
37	1893	984	1484	58	71	131	64	11	188	250	15	26	
38	1803	1143	1481	124	150	99	76	11	141	246	19	21	
39	1935	1046	1467	44	71	131	80	9	173	246	19	26	
40	1894	1141	1511	107	150	227	80	14	188	197	12	26	
41	1965	1031	1534	58	71	131	64	11	188	250	19	21	
42	1911	1225	1539	44	88	131	80	10	188	246	9	26	
43	1845	1164	1524	117	31	75	81	14	235	250	12	21	
44	1895	1080	1532	124	12	131	60	13	188	197	19	21	
45	1845	1233	1488	44	88	131	80	10	188	246	9	26	
46	1865	1164	1510	44	88	131	80	10	188	246	9	26	
47	2062	1124	1504	44	88	131	80	10	188	246	11	26	
48	2065	1084	1512	44	22	131	80	10	188	246	19	26	
49	2064	1084	1547	44	88	131	80	10	188	246	9	26	
50	2065	943	1577	44	22	131	80	10	188	246	9	26	
51	2064	1074	1590	33	150	163	80	14	188	51	9	26	
52	1915	1054	1560	44	22	131	80	20	220	246	23	26	
53	2065	1035	1581	44	22	131	80	11	141	185	23	26	
54	2092	1075	1559	44	22	131	80	12	188	250	9	26	
55	2073	1075	1559	116	17	227	80	10	188	250	9	26	
56	2095	1033	1583	44	22	131	80	17	188	250	9	26	
57	2073	1123	1597	44	22	131	80	13	141	250	9	26	
58	2063	1163	1605	44	22	131	80	13	141	250	9	26	
59	2073	1135	1651	44	22	227	100	14	141	250	9	32	
60	2095	1165	1630	117	10	131	80	13	188	250	19	26	
61	2134	1135	1630	44	88	99	80	11	141	246	19	26	
62	2131	835	1631	33	17	131	80	12	188	250	9	26	
63	2134	1106	1646	33	17	131	80	12	188	250	9	26	
64	2135	825	1688	33	17	99	80	11	141	246	9	26	
65	2162	1083	1706	44	17	131	76	10	176	250	23	20	
66	2133	1095	1722	44	17	131	76	10	176	250	23	20	
67	2132	1104	1750	44	187	131	76	10	176	250	23	20	
68	2164	1084	1744	37	17	131	75	13	188	250	9	20	
69	2161	1135	1725	37	17	131	80	13	188	250	9	20	
70	2133	1104	1731	33	17	131	60	13	188	250	11	26	
71	2124	923	1717	44	187	99	80	13	188	250	19	16	
72	2166	653	1720	44	17	99	76	9	188	250	9	20	
73	2164	1055	1762	193	110	227	80	13	188	250	9	16	
74	2165	925	1735	33	10	99	60	13	188	250	9	26	
75	2183	1134	1771	33	10	131	76	16	188	250	9	26	
76	2182	873	1774	33	10	131	95	16	188	250	9	26	
77	2145	1075	1755	44	31	93	75	13	188	250	9	26	
78	2160	985	1777	44	10	99	100	13	188	250	19	16	
79	2181	975	1746	28	10	131	80	12	188	250	9	26	
80	2182	1144	1772	28	10	131	80	12	188	250	9	26	
81	2163	1125	1806	61	17	93	93	11	188	250	18	26	
82	2165	1105	1788	44	13	99	75	12	188	250	9	20	
83	2185	1144	1850	44	17	227	100	10	188	250	9	20	
84	2184	1104	1853	44	13	99	75	13	188	250	9	20	
85	2173	1195	1908	44	13	99	75	13	188	250	9	20	
86	2163	1085	1917	44	10	131	75	12	188	250	9	20	
87	2165	1255	1928	44	17	93	75	12	188	250	9	24	
88	2203	1374	1925	44	10	163	75	12	188	250	9	20	
89	2251	1373	1925	44	213	131	93	10	188	56	9	20	
90	2202	1085	1901	44	8	99	76	15	188	246	11	32	
91	2175	1215	1891	44	8	99	76	15	188	185	11	32	
92	2166	1165	1910	44	8	123	57	10	177	250	23	32	
93	2165	1215	1902	44	8	99	76	12	188	250	9	26	
94	2183	1255	1911	44	8	99	75	12	188	246	9	32	
95	2165	1105	1920	44	8	99	76	12	188	250	9	26	
96	2174	1105	1888	44	8	123	75	10	188	185	9	26	
97	2164	934	1902	44	8	99	80	13	188	250	9	26	
98	2165	1225	1949	44	8	99	80	13	188	250	9	26	
99	2203	1055	1906	44	8	99	76	8	188	246	9	20	
100	2164	1365	1947	44	13	99	80	13	188	250	9	26	
