Generation	Max Fitness	Min Fitness	Avg Fitness	maxHp	hpRegen	baseDmg	critRate	critDmg	hitRate	dodgeRate	blockRate	blockPower
0	1413	180	913	155	18	84	219	18	224	192	12	49	
1	1483	240	998	37	117	205	204	81	184	170	84	30	
2	1375	242	1000	172	102	89	81	68	126	224	18	76	
3	1374	240	1062	146	77	86	166	186	215	252	18	76	
4	1464	614	1107	146	95	216	21	13	134	217	76	93	
5	1436	504	1107	135	59	89	81	181	92	47	89	3	
6	1575	603	1164	103	102	89	81	98	193	23	25	3	
7	1682	875	1200	103	102	89	72	46	162	234	25	3	
8	1486	964	1222	167	136	229	81	68	193	224	127	3	
9	1515	894	1224	153	102	222	21	68	134	215	29	86	
10	1571	905	1226	224	95	89	81	68	215	252	29	30	
11	1504	995	1241	153	102	89	81	68	193	215	29	3	
12	1536	874	1252	167	95	89	166	56	134	252	29	30	
13	1484	936	1259	146	95	229	81	56	134	215	10	22	
14	1534	987	1254	154	102	227	21	68	134	234	25	22	
15	1535	924	1262	154	102	227	21	68	134	234	25	22	
16	1555	994	1273	167	95	229	81	68	215	215	10	22	
17	1585	1053	1301	97	102	251	21	68	144	219	29	30	
18	1702	1014	1308	97	102	178	35	13	134	224	29	30	
19	1683	1045	1318	97	102	178	35	68	134	224	29	30	
20	1675	1035	1329	103	102	89	81	68	134	224	29	30	
21	1535	1073	1328	97	102	178	81	68	184	219	29	30	
22	1494	1053	1313	242	54	227	21	68	184	219	29	30	
23	1525	1073	1310	214	95	222	21	98	144	219	29	30	
24	1544	1033	1315	167	102	89	81	68	215	219	29	30	
25	1535	1055	1312	160	95	89	190	68	144	219	29	30	
26	1526	360	1306	242	54	216	81	68	175	219	29	30	
27	1613	360	1335	167	135	222	21	68	215	219	29	30	
28	1535	1016	1347	242	102	227	21	68	215	219	29	30	
29	1595	1055	1361	103	54	222	21	68	215	219	29	30	
30	1614	985	1348	103	54	222	21	68	215	234	29	22	
31	1634	994	1357	103	54	222	21	68	215	219	129	22	
32	1663	1034	1377	103	54	222	21	68	175	219	129	22	
33	1524	1165	1381	167	112	216	21	68	225	219	29	30	
34	1523	1214	1379	242	102	227	190	68	215	219	29	39	
35	1556	1084	1386	167	102	227	35	68	215	234	29	30	
36	1576	1206	1403	167	102	227	35	68	215	234	29	30	
37	1555	1165	1390	242	112	227	21	68	215	219	29	30	
38	1555	1145	1400	242	86	227	21	68	215	234	29	30	
39	1534	1177	1391	167	54	222	35	68	215	219	29	30	
40	1575	1167	1404	167	54	222	35	68	215	219	29	30	
41	1583	1175	1394	167	54	227	35	68	225	219	29	30	
42	1595	1124	1413	167	54	222	35	68	215	219	29	30	
43	1624	1235	1411	103	54	222	35	68	215	234	29	39	
44	1595	1176	1411	103	99	222	21	68	175	234	29	30	
45	1615	1126	1416	103	99	222	21	68	215	234	29	39	
46	1594	1214	1416	103	99	222	21	68	215	234	29	39	
47	1595	1214	1404	103	54	227	21	68	144	219	29	39	
48	1607	1172	1407	167	54	222	26	68	215	234	29	30	
49	1604	1245	1409	103	99	227	21	68	215	234	29	30	
50	1596	1195	1408	242	54	222	21	68	215	234	29	30	
51	1615	1166	1421	242	95	222	13	58	144	234	29	30	
52	1583	1184	1429	103	54	227	21	68	144	219	29	30	
53	1583	1235	1436	206	54	227	190	68	208	229	29	30	
54	1594	1235	1441	242	86	89	21	68	215	239	29	30	
55	1594	1233	1443	167	86	222	21	68	215	238	27	39	
56	1613	1195	1444	167	102	227	21	68	215	229	29	30	
57	1615	1234	1453	167	54	222	17	68	215	238	29	39	
58	1626	1266	1464	167	54	227	21	70	215	229	29	30	
59	1622	1244	1469	167	54	222	13	68	144	229	29	30	
60	1625	1306	1468	167	54	227	17	68	215	236	29	39	
61	1615	1314	1456	174	54	227	21	68	215	238	29	39	
62	1645	1224	1455	167	54	227	21	68	144	238	29	30	
63	1646	1224	1470	242	54	222	21	68	215	238	29	28	
64	1624	1255	1468	167	54	227	35	68	215	229	29	24	
65	1624	1264	1464	167	54	227	13	68	215	229	29	39	
66	1626	1215	1473	103	99	227	21	68	215	229	29	39	
67	1656	1236	1485	167	54	227	21	68	215	238	29	24	
68	1663	1256	1469	242	102	223	13	58	215	229	29	22	
69	1684	1214	1475	103	54	224	13	68	215	229	29	39	
70	1616	1265	1477	242	95	227	13	58	215	238	29	39	
71	1645	1305	1488	167	54	227	13	58	215	238	29	22	
72	1614	1286	1492	242	86	227	24	68	135	229	29	39	
73	1665	1285	1486	167	54	227	17	58	215	229	29	39	
74	1623	1315	1491	167	55	222	17	68	215	238	29	39	
75	1643	1294	1495	167	54	227	13	59	215	238	22	39	
76	1625	1343	1506	242	54	227	13	58	215	229	29	39	
77	1596	1345	1493	167	54	227	13	58	215	238	29	39	
78	1644	1304	1519	242	57	222	13	68	144	238	22	39	
79	1617	1414	1508	167	54	219	21	59	215	238	29	39	
80	1615	1433	1512	166	86	222	24	59	215	238	29	22	
81	1623	1394	1516	167	112	227	17	58	215	232	29	39	
82	1625	1433	1515	167	54	223	21	58	221	238	29	39	
83	1623	1435	1508	242	57	227	13	58	215	238	29	24	
84	1626	1443	1509	164	54	227	13	58	215	238	29	35	
85	1637	1404	1512	164	54	223	17	58	215	238	29	35	
86	1615	1443	1511	242	54	223	17	58	215	238	29	35	
87	1615	1424	1512	167	102	224	13	58	144	238	29	24	
88	1614	1444	1513	242	54	224	13	58	215	238	29	24	
89	1604	1394	1510	242	54	227	13	58	221	229	29	39	
90	1615	1425	1514	242	95	223	17	58	215	238	29	24	
91	1616	1405	1513	242	54	227	13	58	215	229	29	35	
92	1624	1392	1520	164	54	223	13	58	215	229	29	22	
93	1585	1435	1510	242	54	227	13	58	222	227	22	39	
94	1625	1435	1514	164	54	223	13	68	215	245	29	39	
95	1644	1425	1523	242	54	223	13	58	215	229	29	22	
96	1624	1425	1529	167	86	227	13	58	222	238	29	39	
97	1626	1436	1528	167	86	227	13	58	222	245	29	39	
98	1625	1415	1519	167	86	227	13	58	215	238	29	39	
99	1635	1435	1522	167	86	222	13	58	215	238	29	39	
100	1615	1416	1515	167	54	223	17	58	215	238	29	22	
